Title: Flipping of the tidal tails of the Ophiuchus stream due to 
       the decelerating Galactic bar 
Authors: Yang Y., Lewis G.F., Erkal D., Li T.S., Li A.P., Martell S.L., 
         Cullinane L.R., Limberg G., Zucker D.B., Bland-Hawthorn J., 
         Pace A.B., Da Costa G.S., Ji A.P., Koposov S.E., Kuehn K., 
         Shipp N., Pearson M., Usman S.A.
Table: The Ophiuchus stream member stars (probability > 0.9) identified 
       with the Bayesian Mixture Model from S5 data
================================================================================
Byte-by-byte Description of file: apjadc57ct1_mrt.txt
--------------------------------------------------------------------------------
   Bytes Format Units    Label     Explanations
--------------------------------------------------------------------------------
   1- 19 I19    ---      Gaia       Gaia DR3 source identifier
  21- 28 F8.4   deg      RAdeg      Gaia DR3 right ascension (J2016)
  30- 37 F8.4   deg      DEdeg      Gaia DR3 declination (J2016)
  39- 45 F7.3   mas/yr   pmRA       Gaia DR3 proper motion in RA
  47- 53 F7.3   mas/yr   pmDE       Gaia DR3 proper motion in DE  
  55- 59 F5.2   mag      Gmag0      Gaia DR3 extinction-corrected G magnitude
  61- 65 F5.2   mag      (GBP-GRP)0 ? Gaia DR3 extinction-corrected color
  67- 72 F6.2   km/s     RVel       S5 heliocentric radial velocity
  74- 78 F5.2   km/s   e_RVel       Uncertainty in RVel 
  80- 85 F6.3   [-]      [Fe/H]     S5 metallicity
  87- 91 F5.3   [-]    e_[Fe/H]     Uncertainty in [Fe/H] 
--------------------------------------------------------------------------------
4349192941740794624 242.7455  -6.7556  -6.024  -4.952 18.74  0.57 289.56  5.61 -2.488 0.531
4349552211464342784 241.3988  -7.1038  -4.255  -4.560 16.79  0.89 281.22  1.13 -1.839 0.073
4350170751174810112 242.6808  -5.7643  -7.122  -3.812 19.07  0.59 270.33 12.30 -2.364 0.543
4350716693057504384 247.8398  -8.2642  -9.815  -3.629 18.84  0.66 275.72 10.82 -2.448 0.554
4349058457723585792 243.7409  -6.8564  -7.551  -4.410 18.63  0.71 294.83  4.65 -2.678 0.296
4349193972532692096 242.4450  -6.9499  -5.133  -4.524 18.32  0.59 287.83  4.84 -1.702 0.360
4349232081779281792 243.2040  -6.8615  -6.481  -4.337 16.54  0.88 291.28  0.89 -1.893 0.060
4349920822739660416 241.7780  -6.9709  -4.936  -4.666 18.59  0.55 280.78 11.84 -2.635 0.244
4349941090682710656 241.8759  -6.8270  -5.358  -4.602 18.19  0.60 291.71  3.84 -2.327 0.267
4351938490993912576 245.5212  -7.2830  -8.221  -4.041 18.60  0.67 277.73 15.38 -2.412 0.311
4351990958314807040 245.4567  -7.0942  -8.363  -4.084 17.85  0.62 280.11  4.74 -2.227 0.370
4349058766961239296 243.7220  -6.8242  -6.931  -4.472 18.81  0.71 256.76 17.68 -2.396 0.549
4349135251739404416 242.9771  -7.0022  -6.520  -4.576 18.50  0.65 293.27  4.08 -2.269 0.338
4349196416373578752 242.4469  -6.8823  -5.199  -4.796 18.45  0.62 289.82  4.67 -2.055 0.345
4349233043851975424 243.0321  -6.9007  -6.423  -4.625 17.96  0.66 295.43  2.40 -2.390 0.245
4349278673584815616 243.5617  -6.3695  -7.568  -3.229 17.63  0.71 279.54  2.64 -1.896 0.229
4349552722560341248 241.3388  -7.1024  -4.458  -4.479 18.33  0.59 286.09  3.83 -2.161 0.285
4349921166337025280 241.8509  -7.0084  -5.232  -3.991 18.67  0.63 281.66  7.24 -2.092 0.379
4349993596665602688 241.7259  -6.6968  -4.859  -3.720 18.34  0.64 298.48  5.92 -1.697 0.623
4350417664554273024 241.6602  -5.4148  -5.695  -4.387 18.64  0.72 284.95  6.14 -1.977 0.447
4351665640312717568 246.4781  -7.6981  -8.923  -4.358 18.80  0.71 282.19  6.38 -1.817 0.526
4349196858750838912 242.4824  -6.8692  -6.139  -4.082 18.61  0.56 286.68  7.80 -2.281 0.371
4349233245712513792 243.0554  -6.8861  -6.898  -3.454 17.81  0.57 287.02  2.22 -1.752 0.236
4349552997438271360 241.3171  -7.0842  -4.586  -4.614 18.11  0.65 283.54  2.88 -2.051 0.268
4349922295905652352 241.8211  -6.9614  -4.920  -4.756 18.39  0.60 293.87  4.47 -2.489 0.303
4349949096502072320 241.9145  -6.6161  -5.834  -4.446 18.66  0.62 287.13  4.90 -1.869 0.500
4349996723402606208 241.8344  -6.5467  -5.964  -3.820 18.85  0.59 283.71  5.06 -2.126 0.318
4350664363177013504 248.8277  -8.4226 -11.011  -3.755 16.36  0.86 264.79  1.64 -2.361 0.157
4350721056745203584 247.7499  -8.2087 -10.192  -3.693 17.88  0.56 272.06  3.77 -2.627 0.507
4351666361867060736 246.4415  -7.6993  -7.893  -4.309 19.21  0.65 278.52 15.89 -2.145 0.778
4349059488516728320 243.8407  -6.8187  -7.594  -4.580 18.11  0.63 284.43  3.53 -1.870 0.495
4349553409755160448 241.3382  -7.0636  -4.743  -3.977 18.52  0.55 290.64  5.16 -1.939 0.446
4349922334568149888 241.7972  -6.9523  -4.871  -4.770 17.55  0.82 285.04  1.81 -1.829 0.123
4349998059129246208 241.6287  -6.6171  -5.629  -3.855 18.77  0.61 289.78  5.20 -1.922 0.496
4350721507720291584 247.8918  -8.1984  -9.959  -4.384 19.20  0.60 279.34  6.86 -1.535 0.221
4350979240115961856 247.3507  -7.8766  -9.255  -4.150 19.14  0.64 263.51 14.74 -2.096 0.563
4349059870770358272 243.8685  -6.7848  -6.737  -4.318 17.55  0.73 291.92  2.18 -1.930 0.173
4349234761838912000 243.0125  -6.8168  -6.602  -4.284 18.46  0.56 290.88  4.79 -2.409 0.336
4349555746217390720 241.5400  -7.0448  -4.268  -4.982 18.76  0.67 287.84 11.49 -2.081 0.402
4349950127295019648 242.2703  -6.8117  -5.601  -4.687 18.02  0.67 291.79  2.40 -2.068 0.166
4349061142078494720 243.9712  -6.8584  -6.839  -4.225 18.70  0.55 287.18  5.70 -1.826 0.415
4349198374877933696 242.3618  -6.8767  -5.318  -4.372 17.50  0.82 288.64  1.58 -1.909 0.137
4349235105433257600 243.0931  -6.8491  -7.396  -3.598 18.61  0.63 290.05  4.03 -2.500 0.373
4349282277059280000 242.9022  -6.8021  -5.846  -4.922 18.53  0.67 305.53  4.34 -2.407 0.328
4349950573971608448 242.1836  -6.8406  -5.354  -4.649 18.28  0.60 287.76  5.85 -1.927 0.477
4350939103643760768 247.7508  -7.9891 -10.549  -3.590 18.28  0.61 279.46  5.36 -1.794 0.406
4351670832929332480 246.3451  -7.6102  -8.898  -4.288 18.02  0.59 286.62  4.89 -2.179 0.561
4349198581036366720 242.2614  -6.9019  -5.432  -4.720 16.04  0.91 289.61  0.88 -1.938 0.067
4349284269924182912 242.9725  -6.7496  -6.051  -4.372 18.17  0.63 292.43  2.94 -2.437 0.342
4349557056187330944 241.5656  -7.0406  -4.893  -4.335 17.60  0.87 286.30  1.97 -1.935 0.134
4349924842829016960 242.0477  -6.9316  -5.295  -4.564 17.51  0.84 286.62  2.03 -1.812 0.167
4349950573971611008 242.1775  -6.8321  -5.465  -4.873 18.18  0.66 291.04  3.12 -2.470 0.208
4350894332905621760 246.8217  -7.9229  -9.580  -4.003 18.91  0.76 275.61  5.74 -1.627 0.353
4351832834797766400 246.3291  -7.2349  -8.380  -5.619 19.32  0.86 292.62  8.81 -1.982 0.689
4351948352239333632 245.7372  -7.0350  -9.321  -4.118 18.54  0.81 260.36 11.05 -1.750 0.476
4349030076579638912 243.6913  -6.9964  -7.527  -3.757 18.93  0.78 281.59  7.17 -2.003 0.415
4349235689551838208 243.1151  -6.8007  -6.355  -4.365 15.14  0.96 290.13  0.73 -2.033 0.054
4349285644314766464 242.8210  -6.7780  -6.133  -4.732 17.99  0.56 288.94  2.22 -2.492 0.272
4349349862665642624 243.3689  -6.0542  -7.552  -3.786 18.24  0.56 278.07  4.06 -2.006 0.289
4349598734549891328 241.1222  -7.1371  -4.058  -4.497 15.05  1.02 279.57  0.70 -2.039 0.047
4349950921870701056 242.1483  -6.7976  -5.445  -4.682 16.81  0.86 288.35  1.21 -1.767 0.125
4350983775601467008 247.2823  -7.7823  -9.736  -4.049 17.88  0.55 282.26  4.62 -2.282 0.493
4351415054739136512 247.6272  -7.1629  -9.605  -4.681 17.63  0.64 275.67  2.80 -2.259 0.295
4351833762510707200 246.2445  -7.2234  -9.074  -4.566 18.60  0.68 286.35  8.12 -2.539 0.523
4351948390896218368 245.8305  -7.1012  -9.133  -4.213 17.53  0.69 268.21  5.80 -1.827 0.336
4349062409094506624 243.9574  -6.7959  -6.641  -4.708 18.51  0.69 290.27  3.57 -2.244 0.237
4349199268231135616 242.3301  -6.8441  -5.345  -4.666 15.10  0.25 288.31  0.89 -2.087 0.033
4349235895710270720 243.0572  -6.8290  -6.252  -4.457 16.81  0.91 292.12  1.06 -1.648 0.073
4349285923489374336 242.8829  -6.7563  -5.874  -4.914 16.98  0.88 288.47  1.23 -1.896 0.093
4349557464204648320 241.5716  -7.0033  -4.281  -4.365 18.48  0.63 277.32  7.36 -1.934 0.321
4349925942340632832 242.1801  -6.8871  -5.288  -4.502 18.19  0.63 292.16  3.89 -1.788 0.384
4351673474332585088 246.4416  -7.4970  -9.211  -3.521 18.40  0.72 278.31  6.63 -2.256 0.421
4349062447751102592 243.9219  -6.8175  -6.050  -4.283 18.51  0.65 283.84  5.14 -2.016 0.362
4349199916767594496 242.3980  -6.8408  -5.416  -4.812 18.24  0.49 289.88  4.74 -2.645 0.345
4349286194069542912 242.8583  -6.7423  -5.891  -4.766 17.78  0.73 290.17  2.28 -1.900 0.308
4349558739814516224 241.4999  -7.0341  -4.596  -4.425 15.61  0.04 290.62  2.76 -1.745 0.236
4349599967200621952 241.2817  -7.0835  -4.394  -4.498 18.28  0.57 279.43  4.85 -2.016 0.318
4349926560815933568 242.1355  -6.8778  -5.297  -4.458 15.51  0.04 290.35  2.07 -1.558 0.158
4349951639123534720 242.2294  -6.7403  -5.585  -4.434 18.62  0.62 280.67  6.46 -1.808 0.580
4352008447421857920 245.2803  -6.9649  -8.457  -4.603 17.01  0.89 281.70  2.66 -1.733 0.219
4354994824084399744 244.8437  -6.8697  -7.505  -5.232 18.29  0.60 294.20  4.99 -1.560 0.645
4349036020815083648 243.9608  -7.0954  -7.240  -4.470 18.55  0.69 282.83  4.56 -1.531 0.260
4349062512173709696 243.9058  -6.8121  -7.403  -4.717 18.84  0.74 284.45  5.65 -2.192 0.428
4349200397803978752 242.4633  -6.7975  -6.454  -4.333 18.71  0.66 290.69  7.21 -2.534 0.569
4349559044752318464 241.4859  -7.0095  -4.350  -4.558 18.00  0.71 280.05  3.95 -2.092 0.269
4349600310798055680 241.2440  -7.0441  -4.973  -4.509 18.05  0.71 282.11  2.79 -2.276 0.247
4349927969565474688 241.9609  -6.8987  -5.130  -4.599 16.70  0.88 286.48  1.07 -1.960 0.084
4349952193181194624 242.3161  -6.7469  -5.778  -4.579 16.20  0.90 288.98  0.83 -1.764 0.057
4350900277140750080 247.5185  -8.3252 -10.675  -3.637 18.08  0.69 271.90  4.17 -2.780 0.273
4351839397507855104 246.3102  -7.1019  -9.076  -4.185 17.34  0.71 275.08  2.99 -2.272 0.293
4349062752691894784 243.9998  -6.7896  -7.510  -4.628 18.49  0.37 288.08  4.02 -1.762 0.344
4349200711340482816 242.3664  -6.8346  -5.298  -4.767 16.54  0.88 290.22  1.08 -1.936 0.117
4349560251643004544 241.5227  -7.0155  -4.629  -4.527 15.64  0.05 282.61  3.11 -1.590 0.199
4349846262104267392 240.2265  -6.7688  -4.646  -4.955 15.43  1.06 272.05  0.80 -1.865 0.079
4350237821386303488 241.4975  -6.0991  -6.025  -3.944 18.92  0.55 260.33 11.70 -2.507 0.483
4355051247069222784 244.3560  -6.8614  -7.216  -4.385 16.21  0.92 290.24  1.05 -1.852 0.094
4349063238024714240 243.9786  -6.7372  -6.715  -4.625 18.20       286.69  3.62 -1.644 0.502
4349200947559798144 242.3814  -6.7941  -5.608  -4.608 18.11  0.70 289.38  3.01 -2.573 0.227
4349240633056477568 243.2841  -6.7318  -6.650  -4.122 18.72  0.59 290.38  3.84 -2.227 0.321
4349287881994468992 242.9147  -6.6933  -6.027  -4.460 15.00  0.23 288.72  1.16 -1.968 0.046
4349560350422672256 241.5135  -7.0028  -4.284  -4.876 18.84  0.59 287.45 14.31 -2.376 0.539
4349602063144664576 241.0995  -7.0825  -4.076  -4.374 18.67  0.62 277.79  5.61 -2.262 0.328
4349928622400264064 241.9295  -6.8958  -5.311  -4.524 17.68  0.81 287.50  1.82 -1.569 0.146
4349954598362709120 242.2198  -6.7279  -4.955  -4.981 18.40  0.56 287.54  6.40 -2.160 0.392
4350062414918708480 242.6440  -6.3498  -6.176  -3.924 18.45  0.57 286.40 12.87 -2.164 0.474
4350952022905157376 247.9913  -7.6765 -10.261  -4.684 19.12  0.68 281.34 10.48 -2.249 0.714
4349201359876674944 242.4098  -6.7785  -6.085  -4.648 17.69  0.77 289.93  1.85 -2.193 0.173
4349241084030922112 243.3868  -6.6803  -7.219  -4.613 14.71  0.99 284.25  0.70 -2.023 0.044
4349287946416293632 242.9115  -6.6791  -6.002  -4.914 18.43  0.50 291.36  3.38 -2.392 0.331
4349560663959868672 241.5169  -6.9851  -4.803  -4.320 16.79  0.87 286.31  1.04 -1.824 0.067
4349928652457319680 241.9113  -6.9036  -4.664  -4.407 18.90  0.79 276.02  6.73 -2.054 0.325
4349040693739639296 243.8500  -7.0035  -7.643  -4.345 17.98  0.61 285.71  2.74 -2.482 0.315
4349202287589558912 242.5772  -6.8242  -5.452  -4.764 18.43  0.53 290.14  8.22 -2.315 0.574
4349560900177418368 241.5701  -6.9706  -4.632  -4.460 18.22  0.60 286.03  4.78 -2.280 0.341
4349928725479477504 241.9421  -6.8952  -4.725  -4.759 18.23  0.59 287.93  3.08 -2.648 0.189
4351899939367204352 245.4584  -7.4237  -8.196  -3.865 18.14  0.56 290.79 14.46 -2.505 0.538
4349067047659250048 243.8408  -6.7036  -8.143  -3.617 18.55  0.71 274.86 10.85 -1.538 0.423
4349242797720971776 243.1366  -6.7328  -6.507  -3.672 18.32  0.70 283.76  4.28 -2.197 0.339
4349562480725517440 240.8310  -7.4621  -3.021  -4.836 18.65  0.64 265.25  7.01 -2.265 0.383
4349861204291793024 240.3188  -6.4631  -5.433  -4.682 19.05  0.57 259.99 19.44 -1.629 0.662
4349928725479477888 241.9471  -6.8900  -5.225  -4.573 15.84 -0.05 279.78  3.00 -3.624 0.305
4349957926955726464 242.2404  -6.6219  -6.514  -3.584 18.63  0.68 292.54 18.74 -3.129 0.626
4350015312020352384 241.6027  -6.3831  -5.750  -3.430 18.36  0.68 284.55  6.37 -2.326 0.399
4351961310157747200 244.9194  -7.3027  -8.209  -4.827 17.87  0.73 286.50  5.89 -1.791 0.523
4352025528507880704 246.1267  -7.1440  -8.564  -4.294 16.04  0.86 282.81  1.49 -2.032 0.106
4355053961488555904 244.4663  -6.7510  -7.340  -4.739 15.23  0.97 287.92  0.75 -1.712 0.043
4349042072426246016 244.0524  -6.9411  -6.750  -4.493 16.90  0.88 293.15  0.98 -1.835 0.100
4349068971804619520 243.9533  -6.6563  -6.178  -5.004 18.90  0.59 284.88  8.23 -2.637 0.738
4349205762221859200 242.6692  -6.7038  -6.324  -4.297 18.75  0.58 293.28  4.78 -1.926 0.367
4349243042535851904 243.1962  -6.7262  -6.405  -4.410 14.98  0.12 290.68  1.12 -2.115 0.075
4355000940114381184 244.5886  -6.9246  -7.602  -3.566 18.37  0.55 285.96  3.86 -1.660 0.482
4355054854841758976 244.3473  -6.7289  -7.087  -5.010 16.66  0.85 291.19  1.05 -1.745 0.078
4349243729730779264 243.3040  -6.7060  -6.058  -4.866 16.81  0.86 288.43  1.02 -1.612 0.065
4349929064774231168 241.9135  -6.8634  -4.807  -4.575 17.80  0.71 286.48  2.50 -1.798 0.203
4350242631747034496 241.8534  -5.9940  -5.628  -3.759 19.19  0.62 283.72 14.75 -1.995 0.642
4350994491542862976 246.9696  -7.7287  -9.436  -4.017 17.97  0.67 281.03  4.06 -2.686 0.243
4351745561064206720 246.8046  -7.6928  -9.147  -4.460 18.72  0.66 273.12  6.80 -1.972 0.537
4351798440700457472 246.9953  -7.2230  -9.837  -4.723 18.85  0.65 271.06 14.04 -1.655 0.144
4349042622181665664 243.9621  -6.9448  -7.071  -4.215 18.01  0.68 291.30  2.27 -1.559 0.211
4349209198195705344 242.6359  -6.6443  -5.973  -4.456 17.92  0.65 289.57  2.46 -2.008 0.272
4349244829239584896 243.2611  -6.6676  -6.338  -4.214 18.48  0.55 289.92  4.94 -2.837 0.466
4349821518793065728 241.1073  -6.5597  -4.613  -3.602 18.02  0.83 284.43  3.59 -2.285 0.367
4349964184729905408 242.2677  -6.5638  -6.262  -3.582 15.71  0.93 287.66  0.74 -1.920 0.044
4350205213991412480 241.4015  -6.3645  -5.252  -3.897 18.81  0.69 288.58  7.12 -1.957 0.492
4350995659774023552 246.9797  -7.6991  -9.516  -3.959 17.65  0.61 279.38  3.49 -2.473 0.368
4349246749091000704 243.6852  -6.7959  -6.178  -4.500 18.59  0.54 289.14  3.96 -2.233 0.304
4349299044612742144 242.7454  -6.6666  -5.990  -4.153 18.53  0.54 287.86  3.49 -2.059 0.350
4349823236779973120 240.8773  -6.5748  -5.205  -4.748 17.62  0.85 280.07  1.82 -1.632 0.204
4349929206515819904 241.9465  -6.8611  -5.311  -4.596 16.35  0.88 287.51  0.92 -1.872 0.086
4355003036058433024 244.4324  -6.9148  -8.068  -4.272 18.35  0.66 285.32  5.03 -1.848 0.379
4355057977280399488 244.3604  -6.6913  -7.927  -4.861 18.79  0.69 290.68  4.92 -2.081 0.428
4349248604516886784 243.7533  -6.7512  -7.245  -4.234 18.70  0.62 280.55  6.14 -1.517 0.337
4351641176178687232 246.5709  -7.9446  -9.247  -4.137 18.51  0.80 271.02  7.79 -2.880 0.518
4348991628033104640 244.3603  -7.1003  -7.345  -4.688 18.36  0.64 290.16  5.96 -2.439 0.387
4349250563020824320 243.5144  -6.7585  -7.255  -4.802 18.81  0.76 290.22  6.49 -2.027 0.619
4349574648373044608 241.0420  -7.1831  -4.194  -5.205 18.57  0.58 292.51  5.15 -1.858 0.422
4349824061413724544 240.8998  -6.5279  -3.953  -3.767 19.25  0.66 283.39  7.30 -2.004 0.587
4349930855783261312 241.9944  -6.8294  -4.695  -4.678 18.42  0.55 289.95  4.59 -2.349 0.263
4349964901982662784 242.4059  -6.5588  -5.578  -4.074 18.54  0.59 286.41 12.66 -2.267 0.694
4350023863293160704 241.9936  -6.3927  -5.814  -3.734 18.87  0.66 286.54  6.71 -2.519 0.391
4350247545189764864 241.6540  -5.9136  -6.068  -3.288 19.00  0.58 279.18  8.82 -2.071 0.520
4350962232045914112 247.8097  -7.7107  -9.902  -4.021 19.20  0.80 297.06 16.05 -2.027 0.608
4351642584928008064 246.5319  -7.8818  -9.427  -4.080 18.71  0.70 287.63  8.05 -2.372 0.508
4351758342885180288 246.8763  -7.4877  -9.936  -3.873 18.96  0.55 268.33 10.20 -2.738 0.501
4351802495149712256 246.8050  -7.1758  -9.081  -4.428 18.01  0.62 278.53  3.98 -2.369 0.566
4351972816371871744 244.8854  -7.2904  -8.156  -4.084 18.38  0.59 284.92  5.72 -1.858 0.577
4355005926574312832 244.5143  -6.8043  -7.385  -4.344 18.59  0.63 268.61 16.75 -1.998 0.476
4348993483459052416 244.4753  -7.0532  -7.448  -4.163 17.66  0.70 290.94  3.10 -2.358 0.238
4349251529391570304 243.5202  -6.7183  -6.607  -4.707 16.96  0.88 290.10  1.12 -1.807 0.080
4349304305949474432 242.6525  -6.5684  -5.982  -3.859 17.23  0.84 289.54  1.34 -2.016 0.117
4349576327700473216 240.9715  -7.1862  -3.745  -4.437 18.78  0.65 269.13  8.36 -2.175 0.514
4349931950992069632 241.6879  -7.0064  -4.626  -4.451 18.07  0.70 286.15  3.17 -1.860 0.253
4350248747780264448 241.3561  -6.0907  -6.263  -4.026 18.50  0.68 283.20  4.71 -2.212 0.421
4350738545851372928 248.3303  -8.0463 -10.913  -3.799 15.67  0.88 265.19  1.20 -2.174 0.144
4350962743143804416 247.8390  -7.6924  -9.814  -4.078 19.05  0.54 271.17 10.98 -1.967 0.381
4351759962087786496 247.0352  -7.4160  -9.637  -4.542 17.91  0.62 284.68  3.75 -3.295 0.343
4349048497696918400 244.1024  -6.8952  -7.077  -4.505 15.58  0.96 282.61  0.75 -1.948 0.048
4349531114584912512 241.6065  -7.3204  -6.292  -3.381 18.09  0.61 289.97  3.85 -2.417 0.358
4349932230172812288 241.6682  -6.9885  -4.528  -4.642 17.52  0.82 283.29  1.95 -1.677 0.110
4349048905717273600 244.1081  -6.8590  -7.801  -3.029 17.99  0.61 278.69  3.02 -2.083 0.287
4349578389284845824 241.0381  -7.1402  -4.124  -4.444 18.31  0.71 271.45  3.55 -2.254 0.268
4349933192245496448 241.6702  -6.9587  -4.732  -4.629 14.79  1.02 283.16  0.72 -1.952 0.059
4350920553679522560 247.3708  -8.0848 -10.344  -3.865 17.87  0.66 278.06  4.14 -1.808 0.187
4345962542217490048 244.4325  -7.4212  -7.911  -5.099 18.52  0.65 304.83 19.23 -2.926 0.675
4349933329676795904 241.6212  -6.9577  -4.389  -4.621 18.63  0.61 289.50  3.97 -1.907 0.375
4350077571864807168 242.3529  -6.3097  -7.348  -4.522 18.24  0.65 277.19  4.41 -1.619 0.267
4351918669722564864 245.4342  -7.2292  -8.113  -3.751 18.53  0.55 286.90 18.58 -2.634 0.637
4349049867789960064 244.0375  -6.8461  -7.231  -4.458 17.09  0.84 291.02  1.27 -1.965 0.114
4349222937791021440 243.5315  -6.8713  -6.633  -4.561 18.40  0.64 295.02  4.17 -1.815 0.328
4349934081295933696 241.7878  -6.9429  -4.640  -4.667 18.62  0.61 293.48  7.45 -2.125 0.470
4351978696185320704 244.7599  -7.1661  -8.361  -4.335 16.77  0.93 282.78  1.73 -1.907 0.279
4349582654192893696 240.7302  -7.2045  -3.421  -4.754 17.13  0.88 290.10  1.96 -1.895 0.211
4349934699771270912 241.8203  -6.9043  -4.482  -4.798 18.89  0.58 281.26  6.94 -1.650 0.331
4349975347342417152 242.0610  -6.4916  -6.034  -3.595 18.76  0.62 294.76  4.22 -1.984 0.312
4350036782555050112 242.0198  -6.1810  -6.020  -3.764 18.23  0.63 284.08  4.02 -2.474 0.276
4350746242432730880 248.0113  -8.0796 -10.595  -3.923 18.22  0.61 262.90  6.78 -2.544 0.456
4349543758968566656 241.6564  -7.1271  -4.027  -4.886 18.22  0.69 292.57  5.87 -2.002 0.409
4349934905929725952 241.8120  -6.8858  -4.992  -4.686 18.58  0.63 278.98  7.76 -2.683 0.465
4350880795168630656 246.9351  -8.0326  -9.433  -3.653 17.79  0.61 284.62  4.55 -2.383 0.454
4350927180814915456 247.4767  -7.9918 -10.084  -4.041 17.70  0.75 278.45  2.67 -2.227 0.344
4338632411730461824 249.1333  -8.6858 -10.893  -3.340 17.84  0.64 269.31 12.44 -1.988 0.692
4349223762424814464 243.5447  -6.8173  -6.957  -4.723 17.90  0.64 290.59  2.66 -2.071 0.265
4349543926466632064 241.6925  -7.1044  -4.151  -4.582 18.93  0.64 288.33  6.29 -2.162 0.313
4349935459988240128 241.7142  -6.8868  -4.804  -4.604 17.67  0.82 285.24  1.85 -1.863 0.133
4350040119751444736 241.7688  -6.2968  -6.195  -4.898 17.07  0.90 276.47  1.29 -1.972 0.115
4351762401632329088 246.6416  -7.5402  -9.186  -4.405 16.57  0.85 284.04  1.12 -2.049 0.105
4349226103184977920 243.4577  -6.8567  -6.520  -4.485 14.48  1.07 292.77  0.69 -1.984 0.037
4349788812621643392 240.5481  -6.8339  -3.788  -4.153 14.35  1.04 271.43  0.68 -2.311 0.038
4349936044103792768 241.7808  -6.8391  -5.173  -4.541 18.83  0.52 291.95  7.44 -2.301 0.461
4350883475226784128 246.5738  -8.1282  -8.654  -3.687 18.04  0.71 280.12  4.49 -2.285 0.384
4354984344360655232 244.7376  -7.0285  -7.553  -4.218 17.81  0.87 283.41  6.54 -1.848 0.604
4349053479857872896 243.7606  -6.9601  -7.626  -4.042 18.90  0.74 289.22  5.84 -2.393 0.423
4349916626548731776 241.9924  -7.0769  -4.655  -4.847 18.74  0.68 280.25 10.38 -2.293 0.518
4349937177975173120 241.6295  -6.8824  -4.642  -4.800 17.30  0.87 280.80  1.57 -1.631 0.101
4354985443872260096 244.6130  -7.0691  -7.654  -4.754 17.65  0.72 281.47  4.03 -2.458 0.402
4349227507636327424 243.4050  -6.7959  -6.961  -4.760 17.94  0.63 295.90  2.67 -1.540 0.228
4349917657340893056 241.9021  -7.0471  -4.611  -4.779 18.56  0.61 287.94  8.52 -2.524 0.300
4349937933889422464 241.6117  -6.8678  -4.935  -4.461 16.00  0.90 286.57  0.84 -2.028 0.056
4350886155286448000 246.7115  -8.0273  -9.641  -3.661 18.34  0.66 279.33  5.13 -2.603 0.486
4351079841131782912 249.1565  -7.9842 -11.512  -4.008 18.28  0.53 269.39 11.14 -2.493 0.622
4349016298325236992 243.7610  -7.1081  -7.712  -3.029 18.77  0.78 284.80  4.89 -2.118 0.349
4349055846384400896 243.8271  -6.8862  -6.352  -4.703 18.89  0.71 287.15  5.19 -1.810 0.407
4349546851345539584 241.3123  -7.2135  -4.459  -4.731 18.66  0.63 289.69  4.32 -2.454 0.484
4349938479342536704 241.6923  -6.8704  -5.416  -4.392 18.51  0.61 285.39  4.65 -2.210 0.344
4349981429016190336 242.0857  -6.4475  -6.030  -3.435 18.65  0.61 284.85  3.83 -2.116 0.272
4350041940817599104 241.6177  -6.3296  -6.018  -3.485 16.25  0.93 286.81  0.91 -1.911 0.069
4351029680212038144 247.3167  -7.4292 -10.204  -4.036 18.35  0.61 267.91  5.07 -2.318 0.331
4351133618419332224 248.3340  -7.7517 -10.444  -4.308 15.61  0.99 269.88  1.08 -1.861 0.130
4351712270773846144 246.1163  -7.6386  -9.045  -3.790 17.75  0.62 284.25  7.29 -2.728 0.436
4351765249192622464 246.6491  -7.4677  -8.654  -4.130 18.64  0.74 284.80  9.29 -2.680 0.612
4351821083767875456 246.4685  -7.2849  -9.724  -4.239 19.08  0.56 276.82  9.66 -1.790 0.498
4351986903864675072 244.9197  -7.0472  -7.233  -3.971 17.96  0.71 289.65  5.21 -2.018 0.598
4355086843758370560 244.7087  -6.5237  -8.087  -4.621 15.96  0.93 279.10  1.35 -1.935 0.168
4349191296771984384 242.7423  -6.8271  -5.924  -4.540 16.36  0.86 290.89  0.97 -1.706 0.081
4349273141666917376 243.6678  -6.4969  -7.301  -3.722 16.61  0.89 284.96  1.03 -1.785 0.078
4350931888099186432 247.4159  -7.9187 -10.801  -3.564 19.04  0.78 274.80 11.36 -2.196 0.432
4351988626149990528 245.0877  -6.9609  -7.783  -4.451 16.46  0.86 283.56  1.74 -1.790 0.155
