#Table: J/A+A/693/A69/ngc1904.dat (http://cdsarc.cds.unistra.fr)
------------------------------------------------------------------------------------------------------------
                   |              |     |      |     |      |      |      |       |      |      |  e_[|
            GaiaDR3| RAdeg   DEdeg| pmRA|  pmDE|Bp-Rp|  Gmag|  gmag|   g-r|     RV|  e_RV|[Fe/H]|Fe/H]|Pmemb
-------------------|--------------|-----|------|-----|------|------|------|-------|------|------|-----|-----
2957895907481574400|81.104 -24.870|2.445|-1.127|0.711|19.544| 0.272|19.816|205.160| 6.007|-2.508|0.535|0.775
2957939651729098752|81.030 -24.566|2.574|-1.574|1.227|14.504| 0.693|15.210|207.580| 0.664|-1.370|0.012|0.989
2957989400330136832|80.963 -24.418|2.341|-1.597|0.774|18.982| 0.345|19.311|209.795| 2.962|-1.738|0.176|0.980
2958540702332043264|81.865 -23.248|2.365|-1.455|0.865|18.851| 0.495|19.305|207.331| 5.594|-1.696|0.465|0.921
2958601935683680000|80.723 -23.726|2.457|-1.549|0.851|18.704| 0.434|19.108|207.234| 3.453|-1.607|0.182|0.987
2957934738286530688|81.031 -24.633|2.441|-1.637|0.943|17.690| 0.512|18.163|205.437| 1.150|-1.520|0.063|0.995
2957939686088825472|81.039 -24.558|2.508|-1.536|1.542|13.022| 1.144|14.232|210.836| 0.661|-1.106|0.007|0.875
2957944943128920064|81.233 -24.463|2.768|-1.600|0.626|19.410| 0.273|19.685|206.844| 6.250|-2.362|0.268|0.894
2957989469049599616|80.928 -24.437|2.338|-1.653|0.623|19.785| 0.275|20.065|219.664|16.169|-2.329|0.397|0.836
2957989679507575936|80.944 -24.399|2.529|-1.639|1.044|16.192| 0.597|16.740|204.357| 0.702|-1.559|0.024|0.997
2958012043397782016|80.840 -24.255|2.630|-1.572|0.727|19.063| 0.321|19.376|218.289| 6.761|-1.766|0.372|0.834
2958141236013405056|79.530 -24.254|2.410|-1.323|0.670|19.397| 0.281|19.675|214.891| 7.954|-2.022|0.407|0.812
2958299806206812800|80.161 -23.466|2.354|-1.356|0.726|19.412| 0.272|19.676|211.433| 8.292|-1.236|0.425|0.710
2963646391952428416|85.043 -22.825|2.857|-2.049|0.766|19.382| 0.334|19.701|204.910| 5.548|-1.275|0.307|0.832
2957088664085954304|81.738 -25.379|2.413|-1.555|1.024|16.957| 0.578|17.489|205.540| 1.384|-1.638|0.102|0.993
2957935283741970816|81.121 -24.627|2.462|-1.410|0.898|18.179| 0.499|18.640|207.411| 1.594|-1.484|0.089|0.982
2957939754808252416|81.087 -24.557|2.422|-1.715|1.205|14.695| 0.750|15.371|201.818| 0.669|-1.345|0.014|0.882
2957945973920339072|81.135 -24.508|2.471|-1.617|1.111|15.409| 0.649|16.011|208.930| 0.681|-1.675|0.019|0.999
2957028530246887296|80.852 -25.485|2.432|-1.732|0.619|19.600| 0.255|19.863|213.938| 7.772|-1.798|0.583|0.854
2957906730799136000|80.894 -24.903|2.461|-1.885|0.706|19.469| 0.276|19.742|195.121| 5.625|-1.948|0.443|0.607
2957939853587771776|81.107 -24.548|2.598|-2.080|0.718|19.739| 0.278|19.937|208.800|12.055|-1.976|0.470|0.682
2957946042639822336|81.099 -24.505|2.445|-1.609|1.357|13.778| 0.890|14.596|209.614| 0.664|-1.294|0.013|0.990
2957990053165074048|80.765 -24.503|2.293|-1.183|0.652|19.112| 0.300|19.399|211.058| 4.504|-1.607|0.216|0.722
2957939995326436992|81.059 -24.552|2.415|-1.703|1.392|13.595| 0.911|14.472|205.913| 0.662|-1.121|0.008|0.814
2957946210138952320|81.137 -24.479|2.565|-1.530|0.913|18.567| 0.448|18.990|204.123| 1.850|-1.755|0.115|0.990
2957990156244301568|80.778 -24.492|2.528|-1.856|0.697|19.952| 0.286|20.235|194.470|15.543|-1.916|0.441|0.755
2956589550228991616|79.070 -24.976|2.342|-1.829|0.819|18.645| 0.439|19.051|198.589| 4.730|-2.169|0.283|0.914
2957031382105174400|80.775 -25.477|2.405|-1.875|0.741|19.393| 0.269|19.664|193.164|13.397|-1.916|0.534|0.697
2957908895462730624|80.952 -24.801|2.437|-1.331|0.651|19.504| 0.270|19.744|201.305| 5.621|-1.761|0.472|0.855
2957935975237105792|81.075 -24.640|2.523|-1.743|0.951|17.722| 0.513|18.194|204.610| 1.191|-1.458|0.064|0.978
2957946248798246656|81.105 -24.482|2.449|-1.684|1.037|16.225| 0.587|16.765|207.082| 0.836|-1.603|0.050|0.997
2957990499841730176|80.825 -24.458|2.516|-1.276|0.589|19.914| 0.290|20.196|198.945| 9.689|-1.913|0.381|0.828
2957498094728486784|82.551 -24.773|2.475|-1.743|0.873|18.976| 0.379|19.335|206.189| 8.511|-1.922|0.383|0.952
2957946351877448960|81.186 -24.482|2.514|-1.461|0.760|19.112| 0.308|19.414|215.010|11.415|-1.785|0.289|0.932
2958377051196024320|81.106 -24.186|2.627|-1.873|0.627|19.275| 0.284|19.552|201.749| 3.732|-1.782|0.266|0.928
2957091580366068608|81.799 -25.294|2.697|-1.921|0.693|19.807| 0.312|20.115|213.974| 6.781|-2.125|0.449|0.863
2957940231545362944|81.078 -24.504|2.458|-1.671|1.365|13.705| 0.907|14.528|206.335| 0.665|-1.333|0.015|0.990
2957946381937637888|81.160 -24.483|2.391|-1.347|0.646|19.437| 0.266|19.709|197.641| 7.325|-2.263|0.334|0.848
2957992458346861824|80.858 -24.397|2.568|-1.151|0.621|19.681| 0.270|19.947|211.693| 6.832|-1.478|0.343|0.732
2964596881097037056|82.518 -22.508|2.560|-1.604|0.690|17.926| 0.289|18.216|198.448| 4.461|-1.748|0.315|0.988
2956186166900331264|78.865 -26.065|2.392|-1.568|0.916|18.404| 0.469|18.840|208.448| 6.298|-2.213|0.580|0.964
2957091889603726080|81.795 -25.257|2.477|-1.592|0.963|18.666| 0.520|19.144|207.170| 2.018|-1.924|0.125|0.990
2957911060126246400|80.760 -24.800|2.833|-1.659|0.703|19.413| 0.273|19.678|205.929| 4.708|-1.557|0.276|0.864
2957936280174392192|81.075 -24.617|2.566|-1.184|0.674|19.699| 0.274|19.970|205.385|10.258|-2.660|0.502|0.824
2957940235844058240|81.081 -24.519|2.521|-1.566|1.096|15.659| 0.641|16.223|209.199| 0.737|-1.497|0.033|0.997
2958380551591154048|81.151 -24.031|2.245|-1.764|0.706|19.620| 0.276|19.888|215.310|17.108|-1.753|0.360|0.761
2955717465709201664|77.481 -27.348|2.437|-1.534|0.958|17.286| 0.526|17.770|194.530| 2.279|-1.759|0.258|0.988
2956979567619049856|80.533 -25.956|2.621|-1.571|0.786|18.882| 0.364|19.223|225.498| 8.903|-2.500|0.563|0.745
2957681880671167360|82.707 -24.046|2.657|-1.623|0.799|18.781| 0.406|19.161|200.053| 4.744|-1.383|0.352|0.853
2957936353194214144|81.069 -24.599|2.465|-1.526|0.924|18.050| 0.491|18.494|207.623| 2.158|-1.641|0.142|0.995
2957940368983341056|80.986 -24.550|2.540|-1.604|0.931|17.733| 0.498|18.157|210.699| 1.005|-1.353|0.048|0.977
2957946725534319744|81.168 -24.457|2.601|-1.189|0.691|19.305| 0.277|19.576|215.298| 6.946|-1.833|0.286|0.751
2957992905023475840|80.906 -24.361|2.662|-1.533|0.675|19.724| 0.263|19.982|201.504| 9.237|-2.220|0.393|0.904
2958382372657272704|81.339 -24.056|2.330|-1.421|0.643|19.687| 0.281|19.959|202.331| 7.733|-2.432|0.337|0.895
2958611861350552064|80.824 -23.517|2.385|-1.511|0.626|19.469| 0.270|19.736|213.916|11.291|-1.799|0.315|0.904
2961351466369428480|78.789 -23.287|2.438|-1.808|0.719|19.116| 0.307|19.416|190.698| 5.153|-1.320|0.334|0.783
2957940407643345024|81.007 -24.550|2.427|-1.564|1.086|15.726| 0.640|16.293|202.780| 0.685|-1.500|0.018|0.994
2957946867273543040|81.082 -24.490|2.497|-1.615|1.338|13.873| 0.916|14.681|208.417| 0.665|-1.312|0.013|0.993
2958155460945106304|79.601 -24.125|2.625|-1.628|0.659|19.509| 0.264|19.772|194.393|10.306|-1.967|0.367|0.879
2958309426932559744|81.585 -24.391|2.946|-1.899|0.764|19.783| 0.337|20.080|201.754| 3.707|-1.611|0.246|0.709
2958383609607891712|81.495 -24.000|2.621|-1.266|0.526|19.998| 0.302|20.283|194.403| 6.498|-2.073|0.439|0.642
2958662095288150528|80.515 -23.388|2.481|-1.391|0.737|19.017| 0.346|19.348|221.790|15.248|-1.273|0.349|0.695
2955653148576640000|77.913 -27.515|2.528|-1.904|0.666|19.227| 0.313|19.522|185.553|15.512|-1.658|0.596|0.695
2956891129949765504|82.182 -25.444|2.820|-1.834|0.745|19.284| 0.297|19.573|210.110| 9.536|-2.059|0.373|0.796
2957856771739607040|80.362 -24.978|2.427|-1.432|0.830|18.768| 0.437|19.165|215.554| 2.271|-1.827|0.234|0.760
2957936451973099008|81.136 -24.601|2.678|-1.628|0.658|19.455| 0.271|19.730|200.883| 6.525|-1.934|0.334|0.915
2957940437703742848|81.017 -24.540|2.416|-1.661|1.108|15.354| 0.680|15.951|200.191| 0.692|-1.552|0.023|0.966
2957946935993019264|81.071 -24.478|2.346|-1.704|1.010|16.626| 0.554|17.105|204.457| 1.056|-1.773|0.068|0.981
2957983563474043136|80.501 -24.406|2.265|-1.029|0.608|19.943| 0.239|20.199|200.978| 6.550|-2.307|0.414|0.752
2957993768316434432|80.883 -24.337|2.494|-1.588|0.985|17.146| 0.546|17.646|205.322| 0.923|-1.493|0.043|0.997
2958385744209788800|81.325 -24.010|2.538|-1.466|0.654|19.290| 0.297|19.585|209.228| 3.456|-1.770|0.299|0.969
2957912881192420352|80.855 -24.757|2.710|-1.571|0.702|19.391| 0.281|19.666|216.040| 6.849|-1.411|0.419|0.760
2957940441999373440|81.025 -24.543|2.363|-1.637|0.692|19.181| 0.317|19.387|210.314| 5.251|-1.463|0.187|0.949
2957947073432782208|81.081 -24.459|2.505|-1.610|1.147|15.180| 0.689|15.813|205.902| 0.691|-1.531|0.021|0.998
2957994176333760512|81.045 -24.433|2.403|-1.571|0.811|18.774| 0.413|19.162|208.669| 2.554|-1.656|0.113|0.990
2957914633539167360|80.871 -24.670|2.400|-1.792|0.724|19.784| 0.287|20.071|202.517|11.328|-2.219|0.490|0.869
2957940579442041984|80.977 -24.536|2.450|-1.547|1.132|15.249| 0.670|15.865|204.569| 0.673|-1.526|0.016|0.997
2957985899936967040|80.911 -24.570|2.539|-1.523|1.012|16.713| 0.553|17.224|207.569| 0.785|-1.571|0.038|0.996
2957994451211680128|81.021 -24.413|2.797|-1.787|0.816|18.850| 0.392|19.222|207.443| 2.765|-1.632|0.152|0.851
2957936933009509760|81.122 -24.547|2.346|-1.787|0.937|18.597| 0.457|19.018|204.605| 2.078|-1.459|0.132|0.949
2957940643861273344|80.965 -24.531|2.475|-1.620|0.964|17.468| 0.515|17.934|207.913| 1.301|-1.424|0.073|0.994
2957947210870931712|81.041 -24.464|2.533|-1.564|1.105|15.476| 0.653|16.071|199.991| 0.692|-1.551|0.023|0.975
2957994657370122624|81.039 -24.387|2.484|-1.674|0.941|17.700| 0.507|18.168|205.632| 1.304|-1.638|0.070|0.996
2958665840499729920|80.823 -23.295|2.386|-1.614|0.918|17.983| 0.497|18.440|211.493| 2.353|-1.523|0.156|0.926
2957940712581271936|80.998 -24.517|2.719|-1.662|0.786|18.931| 0.375|19.233|209.268| 4.770|-1.947|0.171|0.948
2957947240931136896|81.055 -24.451|2.446|-1.721|0.965|17.633| 0.512|18.102|205.950| 1.585|-1.590|0.091|0.993
2957986307953557632|80.908 -24.536|2.174|-1.505|0.679|19.098| 0.298|19.392|207.875| 3.666|-1.448|0.162|0.882
2957994696029339008|81.078 -24.416|2.457|-1.663|0.969|17.028| 0.538|17.523|202.992| 0.826|-1.741|0.041|0.995
2955735027833133440|77.979 -27.181|2.664|-1.610|1.061|16.238| 0.626|16.808|194.282| 1.162|-1.402|0.096|0.939
2957919723081079424|81.086 -24.835|2.582|-1.607|1.024|16.402| 0.576|16.933|203.954| 0.742|-1.778|0.054|0.992
2957940716880965760|81.009 -24.521|2.521|-1.633|1.234|14.408| 0.739|15.122|205.280| 0.666|-1.331|0.013|0.991
2957947275290870016|81.074 -24.455|2.397|-1.579|0.682|19.384| 0.261|19.662|188.117|19.949|-1.917|0.252|0.847
2957986617191192960|80.839 -24.542|2.598|-2.056|0.616|19.865| 0.270|20.136|207.488| 5.469|-2.043|0.244|0.890
2956204313139724928|79.576 -26.322|2.471|-1.608|0.765|18.614| 0.381|18.967|212.727|10.364|-1.222|0.601|0.895
2957937620204165888|80.985 -24.639|2.740|-1.882|0.701|19.186| 0.289|19.470|214.295|16.937|-1.865|0.323|0.670
2957940991758293760|81.075 -24.504|2.492|-1.499|1.442|13.258| 0.923|14.143|212.807| 0.662|-1.306|0.008|0.916
2957986758931114880|80.806 -24.552|2.557|-1.762|0.728|19.554| 0.264|19.819|209.239| 5.276|-1.851|0.354|0.942
2957994897887528064|81.091 -24.383|2.348|-1.823|0.723|19.110| 0.305|19.405|201.239| 3.824|-1.785|0.242|0.929
2957159269051337728|81.452 -25.035|2.504|-1.787|0.700|19.153| 0.296|19.444|202.042| 4.582|-1.879|0.384|0.912
2957941021819348992|81.040 -24.498|2.615|-1.485|1.608|12.851| 1.192|13.940|205.197| 0.661|-1.208|0.019|0.654
2957986926428860032|80.804 -24.523|2.420|-1.816|0.581|19.471| 0.270|19.745|217.629| 6.132|-1.888|0.420|0.805
2958164428837176448|80.288 -24.441|2.440|-1.672|0.754|19.271| 0.287|19.550|218.210| 5.155|-2.234|0.361|0.762
2958209238233533568|80.785 -23.940|2.436|-1.003|0.544|19.927| 0.280|20.211|198.713| 6.071|-1.716|0.233|0.804
2957051138953914240|81.712 -25.567|2.687|-1.520|0.767|19.348| 0.286|19.631|199.421|13.286|-1.601|0.599|0.720
2957103370053938816|81.802 -25.065|2.442|-1.320|0.970|18.252| 0.545|18.756|207.986| 1.700|-1.716|0.130|0.962
2957522142247943936|82.773 -24.446|2.307|-1.497|0.860|18.666| 0.447|19.082|220.352| 4.750|-1.531|0.242|0.680
2957941060477775616|81.059 -24.495|2.601|-1.585|1.071|15.812| 0.638|16.373|207.343| 0.689|-1.633|0.021|0.994
2957947760626726400|81.094 -24.417|2.460|-1.522|1.040|16.194| 0.592|16.736|204.885| 0.728|-1.563|0.028|0.997
2957987579263890816|80.953 -24.525|2.557|-1.335|0.919|18.303| 0.477|18.731|206.278| 1.813|-1.511|0.087|0.952
2961302611119315840|79.948 -23.411|2.132|-1.819|0.796|19.485| 0.272|19.743|207.668| 7.587|-2.351|0.576|0.714
2957938032521063552|80.995 -24.599|2.712|-1.856|0.845|18.804| 0.412|19.186|205.677| 3.725|-1.662|0.171|0.891
2957941124898510336|81.017 -24.502|2.540|-1.613|1.560|12.935| 1.020|14.027|204.395| 0.661|-1.135|0.004|0.934
2957987579263894784|80.964 -24.519|2.490|-1.530|0.940|18.001| 0.483|18.449|206.296| 2.726|-1.667|0.124|0.995
2957995688162285312|81.009 -24.358|2.690|-2.032|0.738|19.696| 0.275|19.970|209.548| 9.548|-1.634|0.377|0.726
2958404775206855552|81.084 -23.771|2.619|-2.111|0.666|19.502| 0.269|19.765|201.807| 5.357|-2.316|0.274|0.735
2957923051675041664|81.146 -24.700|2.240|-1.571|0.617|19.322| 0.275|19.596|203.302| 3.861|-1.577|0.367|0.898
2957941163557550848|80.996 -24.501|2.489|-1.528|1.086|15.717| 0.637|16.296|204.388| 0.710|-1.546|0.024|0.997
2958278541825679104|80.496 -23.646|2.386|-1.634|0.912|18.186| 0.491|18.629|207.348| 1.570|-1.595|0.099|0.988
2958324751375907072|81.351 -24.299|2.502|-1.911|0.751|19.872| 0.289|20.164|208.087| 6.956|-2.081|0.343|0.911
2957941335355678976|81.041 -24.474|2.376|-1.673|1.168|15.003| 0.708|15.639|201.882| 0.672|-1.484|0.014|0.964
2957948894499348480|81.242 -24.367|2.229|-1.653|0.627|19.408| 0.268|19.679|207.573| 6.925|-2.097|0.313|0.924
2957987785422357120|80.976 -24.492|2.656|-1.448|0.748|19.548| 0.268|19.805|212.772| 7.379|-2.307|0.376|0.909
2957996791974635008|81.137 -24.317|2.548|-1.477|0.632|19.580| 0.270|19.846|206.057| 6.425|-1.906|0.373|0.944
2958280397251585920|80.220 -23.679|2.442|-1.569|1.040|15.126| 0.595|15.673|208.922| 0.833|-1.883|0.053|0.993
2958325026253823488|81.323 -24.277|2.551|-1.605|0.739|19.026| 0.348|19.361|210.119| 4.797|-2.079|0.266|0.979
2958583720723885312|80.876 -23.917|2.948|-1.266|0.666|19.639| 0.327|19.956|205.347| 6.533|-1.955|0.328|0.630
2963508948701219456|84.379 -23.356|2.782|-1.858|0.646|19.266| 0.271|19.542|204.527| 8.133|-2.282|0.373|0.942
2963913637700447360|84.530 -22.237|2.779|-2.018|0.665|19.226| 0.298|19.515|203.582| 5.067|-1.795|0.291|0.961
2957941747672522624|81.194 -24.575|2.460|-1.553|0.929|18.019| 0.500|18.478|203.086| 1.705|-1.593|0.081|0.992
2957987819782074368|80.923 -24.510|2.448|-1.590|0.884|18.575| 0.461|18.999|210.533| 1.842|-1.522|0.088|0.986
2957997715386093952|81.062 -24.306|2.490|-1.623|0.973|18.218| 0.490|18.671|206.701| 1.721|-1.462|0.078|0.993
2958326125765466240|81.283 -24.239|2.647|-1.600|0.658|19.893| 0.288|20.174|200.383| 7.775|-1.532|0.378|0.823
2955679090176920448|78.572 -27.201|2.117|-1.900|0.506|19.474| 0.327|19.665|191.924| 8.316|-2.298|0.599|0.628
2957938689656451584|80.936 -24.612|2.441|-1.506|0.948|18.162| 0.492|18.615|206.742| 2.907|-1.472|0.135|0.989
2957949856565987584|81.238 -24.329|2.060|-1.949|0.679|20.011| 0.289|20.302|208.526| 9.350|-1.755|0.561|0.614
2957987922861309056|80.934 -24.493|2.590|-1.627|0.821|18.905| 0.358|19.247|205.765| 4.888|-2.012|0.346|0.978
2957172738068377344|81.501 -24.770|2.277|-1.659|0.738|19.165| 0.309|19.468|211.340| 3.326|-2.362|0.200|0.911
2957928892830073856|81.375 -24.627|2.386|-1.355|0.650|19.488| 0.275|19.760|212.967| 5.784|-1.716|0.335|0.904
2957939033254033280|80.957 -24.573|2.495|-1.670|1.021|16.594| 0.573|17.118|203.820| 0.839|-1.553|0.048|0.995
2957987922861320320|80.927 -24.484|2.401|-1.825|0.826|18.851| 0.391|19.209|210.207| 8.584|-1.665|0.212|0.936
2958282351459137408|80.348 -23.615|2.202|-1.666|0.728|19.047| 0.334|19.365|218.000|14.837|-1.655|0.433|0.619
2957929683104636160|81.253 -24.607|2.490|-1.662|1.008|16.687| 0.565|17.207|207.535| 0.832|-1.474|0.036|0.996
2957939063313269760|80.964 -24.559|2.372|-1.877|0.679|19.371| 0.267|19.639|210.939|12.855|-1.584|0.409|0.805
2957942503586768128|81.172 -24.562|2.501|-1.515|0.972|17.321| 0.527|17.811|208.805| 0.962|-1.579|0.041|0.996
2957987991580803456|80.957 -24.479|2.686|-1.836|0.712|19.651| 0.270|19.916|211.059| 8.536|-1.824|0.412|0.855
2957998814898481152|80.935 -24.347|2.418|-1.646|0.629|19.589| 0.270|19.857|197.379| 8.949|-2.159|0.433|0.902
2955743716550016128|78.162 -27.033|2.567|-1.745|0.777|18.438| 0.437|18.832|202.739| 6.395|-1.110|0.256|0.833
2957112780325132416|81.224 -25.386|2.483|-1.526|0.780|19.654| 0.304|19.952|236.433|19.700|-2.226|0.614|0.675
2957821621727607424|80.023 -25.298|2.479|-1.391|0.736|19.273| 0.275|19.549|192.857| 9.612|-1.680|0.950|0.693
2957939101973307392|80.937 -24.571|2.428|-1.412|1.038|16.253| 0.585|16.789|207.904| 0.727|-1.629|0.031|0.971
2957942636726084608|81.208 -24.544|2.778|-1.536|0.710|19.739| 0.273|20.022|200.273| 6.761|-1.622|0.519|0.760
2957998986697180800|80.962 -24.324|2.267|-0.937|0.552|20.018| 0.286|20.300|215.655|10.385|-1.982|0.301|0.618
2957175899163743872|81.519 -24.665|2.533|-1.564|0.924|18.583| 0.460|18.999|203.910| 2.053|-1.724|0.108|0.988
2957930232859880960|81.293 -24.571|2.378|-1.808|0.751|19.383| 0.275|19.657|205.639| 4.783|-1.929|0.310|0.955
2957939205052506880|81.045 -24.596|2.391|-1.541|1.210|14.647| 0.731|15.327|204.515| 0.670|-1.468|0.019|0.993
2957988270758293760|81.019 -24.459|2.551|-1.591|1.006|16.710| 0.564|17.224|208.686| 0.801|-1.552|0.034|0.996
2961390533392297600|79.407 -22.941|2.447|-1.791|0.760|19.051| 0.293|19.341|198.417|10.339|-1.330|0.405|0.856
2957933260817901568|81.101 -24.718|2.413|-1.393|0.967|17.399| 0.524|17.881|207.612| 1.000|-1.556|0.063|0.972
2957939269471650944|81.035 -24.594|2.434|-1.559|0.951|17.695| 0.521|18.174|211.732| 1.963|-1.629|0.107|0.992
2957942808524776576|81.139 -24.543|2.401|-1.387|0.709|19.036| 0.317|19.339|205.835|15.964|-1.337|0.238|0.780
2958000670323610752|80.941 -24.231|2.650|-1.991|0.825|18.860| 0.386|19.221|207.586| 3.450|-1.657|0.151|0.873
2963584196527895296|84.659 -23.531|2.527|-1.345|0.712|19.482| 0.284|19.762|194.429|18.179|-1.887|0.489|0.618
2957114223434188416|81.235 -25.312|2.791|-1.529|0.755|19.145| 0.280|19.429|198.983| 5.875|-1.755|0.557|0.625
2957892746385613184|81.112 -24.916|2.535|-1.270|0.616|19.288| 0.284|19.570|205.452| 5.122|-2.297|0.364|0.915
2957939376851195648|81.040 -24.584|2.370|-1.690|1.034|16.485| 0.593|17.025|206.217| 0.786|-1.513|0.035|0.988
2957957553152859008|80.572 -24.693|2.718|-1.509|0.918|18.140| 0.480|18.580|205.467| 1.623|-1.537|0.081|0.918
2957988472617175296|80.962 -24.452|2.369|-1.635|0.686|19.656| 0.262|19.912|210.846| 6.062|-2.051|0.295|0.945
2958224528317636352|80.519 -23.872|2.381|-1.428|0.762|18.933| 0.370|19.277|212.195| 3.295|-2.034|0.268|0.912
2956309209123332096|79.700 -25.593|2.354|-1.523|0.719|18.884| 0.336|19.201|198.234| 6.095|-1.287|0.713|0.850
2957934046791323008|80.968 -24.695|2.561|-1.397|0.718|19.114| 0.302|19.408|211.871| 5.389|-1.455|0.295|0.914
2957939411210924288|81.054 -24.579|2.379|-1.636|1.202|14.722| 0.752|15.411|208.584| 0.678|-1.389|0.020|0.989
2957942911604024064|81.179 -24.516|2.257|-1.368|0.670|19.110| 0.309|19.411|198.111| 5.258|-1.591|0.329|0.702
2957988511276978304|80.988 -24.452|2.468|-1.628|1.055|16.158| 0.606|16.713|204.143| 0.719|-1.565|0.027|0.998
2958002663188448512|81.011 -24.188|2.395|-1.559|0.696|19.068| 0.321|19.378|202.983| 3.784|-1.549|0.192|0.970
2956228772976146688|79.907 -26.132|2.322|-1.590|0.906|18.224| 0.478|18.666|220.532| 6.262|-1.918|0.438|0.803
2957934119811250816|81.004 -24.689|2.308|-1.547|0.782|18.816| 0.402|19.194|208.747| 3.333|-1.830|0.194|0.981
2957939509989840128|81.002 -24.577|2.511|-1.905|0.930|18.305| 0.486|18.747|200.478| 2.170|-1.574|0.150|0.682
2957988781854793472|80.923 -24.474|2.558|-1.307|0.663|19.006| 0.331|19.324|207.760| 5.217|-2.215|0.253|0.930
2961824295027368192|80.948 -22.504|2.410|-1.893|0.638|19.356| 0.258|19.617|199.019|19.553|-1.328|0.343|0.675
2957082681193829760|82.143 -25.298|2.559|-1.621|0.838|19.277| 0.309|19.586|205.166| 8.214|-2.104|0.408|0.938
2957939617365674496|81.044 -24.564|2.303|-1.700|0.943|17.360| 0.535|17.806|209.237| 1.442|-1.632|0.077|0.968
2957943152121518464|81.224 -24.512|2.424|-1.669|0.637|19.246| 0.274|19.520|208.264| 5.956|-1.878|0.275|0.970
2957988816214543104|80.935 -24.465|2.595|-1.688|0.689|19.356| 0.274|19.618|202.315| 7.633|-1.611|0.308|0.925
2958005210109192832|80.760 -24.359|2.652|-1.561|0.990|17.077| 0.548|17.581|205.732| 0.850|-1.471|0.036|0.955
2957939651729096576|81.026 -24.559|2.442|-1.503|1.486|13.224| 0.901|14.209|207.789| 0.661|-1.117|0.007|0.909
2958229579198516480|80.534 -23.777|2.328|-1.587|1.018|16.525| 0.569|17.044|210.121| 0.765|-1.615|0.035|0.943
------------------------------------------------------------------------------------------------------------
